385
2240
4867
5639
6137
6238
6854
6913
7029
7825
11012
12516
12533
13406
13470
14107
15753
17167
18759
19331
3690
4913
5252
8145
9478
12309
15275
18491
795
909
1757
4304
6452
6478
7711
8029
8564
9363
11633
14149
15070
15946
16264
16462
17781
17908
18709
19937
484
906
1367
1454
2939
3418
4112
4218
5404
6021
8400
9339
9439
12984
14715
15977
18126
18358
18989
19674
406
645
1925
3397
3904
4155
4692
5025
5581
6159
6850
6930
7259
7532
11243
12703
13840
13958
15795
16340
16914
17429
17856
12
617
628
1138
1390
1519
1816
2993
3181
4178
7570
8455
9323
10377
10958
11545
11857
12389
13016
13175
14565
15868
16075
16710
17189
18137
18586
18602
201
883
1553
1861
1953
3290
4194
6837
9911
11255
12262
13113
14925
16616
19339
19504
19719
1572
1915
3844
3951
4213
6838
9357
11146
11177
11401
16471
17795
3026
3133
3390
4630
5501
6206
6380
8281
9546
9641
14563
15919
16506
17381
17493
18226
19032
1768
1849
2304
2463
2577
2607
3627
5834
6466
6988
9109
9597
9901
10143
12018
12126
12367
14708
17010
17022
18473
19170
19831
648
1881
2225
2921
3551
4004
5134
5620
6771
7517
7535
9618
10672
11307
11625
13004
14043
17393
18183
18354
1956
2279
3985
4114
5521
6184
7210
9121
9411
11758
12572
13183
13902
13971
18063
19974
398
779
875
1375
3696
4095
6489
7889
7916
10259
10897
12921
13787
14364
14869
16047
16109
17582
19083
19186
19393
19706
479
744
969
1086
1746
2473
2636
2703
3120
5105
6169
6765
7235
7782
11533
13538
13639
15214
18847
19716
882
2826
3588
5431
6397
6757
7845
8360
8385
9244
11301
11998
14534
15465
15729
16199
16979
17695
18067
18921
1131
5808
7148
7177
8082
10003
11374
11451
11660
11727
12599
12799
12839
12961
15078
15809
16214
18392
19696
60
169
708
3688
4331
6040
8233
8503
8786
9532
11795
12452
13551
14092
14233
14729
15489
16395
16426
18081
18524
2218
4104
4482
4880
6561
11422
11964
13407
13430
13959
15693
17088
17474
18811
18820
19171
610
807
2278
2829
4185
5336
6023
7401
8362
8387
9582
9734
11050
11213
12222
13554
16824
18313
19667
72
1604
2713
3316
4420
4799
5164
5209
5229
5249
6109
7502
8190
10607
10859
11444
11804
12066
12858
12951
13191
13228
13455
14625
17033
18530
19387
19666
2322
2812
3486
4502
7244
7278
8963
9669
9777
10345
10660
11697
13417
16121
16661
17017
17812
18764
216
2730
2747
4708
5960
8005
8743
9368
9452
10366
10397
10835
12929
14298
14723
14768
14960
15752
16117
16148
16560
17174
17421
17580
17992
18064
2266
2619
2922
3047
3170
3186
3458
3721
4484
5405
6468
6811
7552
8887
9240
11034
11046
11352
13322
13863
14271
15500
15891
15894
17051
18443
117
282
4785
6877
8251
9473
9589
11157
11223
11689
12168
13896
14939
15896
16140
17676
18135
18504
18521
19127
19979
2696
2882
4292
4719
6710
9238
10403
12115
12992
13812
16528
17444
18148
19152
264
1014
2071
2089
4858
5895
8808
9103
9751
10152
10355
11621
12510
14057
14580
19099
311
2579
3025
3383
4506
4886
7263
7667
8176
8278
9576
12196
12564
12635
13284
13707
17178
18295
18704
160
1464
1472
1544
2974
5145
5615
6286
6295
9137
12433
12803
13968
14134
14853
14943
15355
17047
17546
18359
18974
19397
19539
37
800
1247
1835
2839
3190
3544
4303
5677
6444
9117
10473
12086
12969
13134
13223
14390
16486
16741
16974
17804
18757
18841
19060
1097
3083
3991
4275
4833
7585
7857
8137
10442
12665
12936
13931
14442
15993
17782
18657
52
810
1342
2175
2592
2721
3541
7560
8122
9263
10368
10650
14104
14162
15116
16668
378
1623
5587
6992
8011
8592
11530
14718
15688
16367
16862
17766
18177
18293
18692
761
1024
1323
1541
1902
2021
3218
3237
3424
3790
4422
5167
7197
8149
10578
10580
11838
12673
14573
15001
15152
17151
18040
168
1972
2043
2770
3335
4370
6766
6875
6985
7645
7981
8124
8213
8340
9184
9405
9416
10417
11403
12368
13001
13106
13506
13532
16401
17368
17687
18620
18882
234
742
1575
2645
3162
4583
4812
4911
8248
8421
8833
10364
10936
14544
14767
16622
18778
19216
358
858
5736
6094
6788
7475
9236
9324
10037
10334
11040
12499
12711
13954
14123
14769
15058
15193
16986
18404
18949
457
1596
3969
6430
7915
8111
8917
9797
11748
13055
13244
14955
15719
16282
16494
16701
17263
19323
19787
818
1873
2919
4154
6467
7463
12305
12436
12520
16817
17352
17461
19319
420
1130
3926
4505
4921
5641
7230
7395
8487
10142
10216
11060
12369
13597
13881
16322
17311
17724
18163
19987
675
889
1810
1982
4065
4468
5223
5397
5434
6559
6928
7125
7198
7922
8849
9112
11671
12487
13869
13906
14002
15885
16641
17940
1742
3119
3284
3958
4718
5316
7023
7472
8009
8142
8747
9820
11438
14529
15136
15315
16309
16670
16728
17803
18665
18679
111
1451
2061
2183
2802
3099
4169
4415
5946
6842
7064
10852
12891
14583
16992
17996
18608
633
4440
6643
7094
7449
7495
8158
8257
8598
9161
11984
12078
13114
13395
14392
15252
15461
15685
16655
16694
17190
17620
17843
17958
19525
19630
301
1523
2280
2312
3549
5126
6547
8302
8589
9771
10869
11714
15412
16161
16735
17030
18800
96
4369
4715
4838
6255
6958
7267
8098
9577
10826
10862
10912
11354
12877
13003
13265
13486
14928
18314
18391
18666
19594
6054
6102
6417
11044
11502
12624
13811
16798
19221
204
805
952
1016
2652
6744
6803
7576
7826
9383
10402
10598
11312
11615
12810
13023
13160
13385
14493
15241
15335
17788
18838
19605
149
934
1343
2121
2204
3172
4354
5364
8464
8884
9388
12930
15062
17718
19970
3726
4347
6160
7685
8908
9786
10117
11151
11178
12141
12722
13590
15209
15376
15400
15890
16248
16386
18594
19883
688
1196
1238
2956
4031
4532
5785
6075
6718
7664
8496
8593
9370
10005
10783
11257
13328
13978
14646
15119
16692
18529
18716
937
1797
4985
5598
6103
6472
8811
9985
10008
10815
12155
13330
15134
16601
19985
1672
3066
3927
4467
5592
6053
6332
6784
8744
9239
9443
12381
12651
13870
14468
15101
16742
940
956
4144
4591
6593
9479
10668
11801
15519
15716
15924
16266
17653
19515
432
6626
7651
9575
10433
14058
15221
15350
15861
16093
17370
17427
19142
3697
3883
7192
8022
11197
11200
13233
18770
3996
4066
4322
5349
6445
7048
8866
8897
9838
10311
10939
13804
13963
14302
14413
15462
17234
18999
1862
3512
5645
7111
7207
8189
11456
13987
15308
15710
16980
18969
1047
2310
3940
5534
5696
6775
8000
8073
8953
10625
11358
11379
14112
14510
14639
16256
19196
709
1307
2509
3467
7031
7292
7724
8214
8479
8661
9071
9740
9856
11493
13545
739
1250
1955
2074
3086
5437
5695
6082
6274
10001
10261
10875
10971
11271
11920
12299
14047
14737
15447
16475
16912
15
605
1525
2037
2814
3798
5137
6432
8410
8554
11129
12566
13973
14021
17003
18930
382
674
1209
1837
3404
5092
5768
5803
6603
6970
8335
8982
13290
15438
15449
15596
16752
16806
19097
607
1964
6413
6527
6610
6725
9351
13207
14564
16399
17481
18347
18853
19386
19511
548
1221
2585
2903
3733
4056
4321
4540
5361
7117
10045
11083
11190
11729
13469
14277
14426
14774
17323
17971
19858
1033
1174
2437
3702
3771
4479
4953
5947
7537
8725
10566
11365
11504
12985
17921
19404
5284
6161
8147
9507
10444
10571
11082
11531
11928
15124
17397
17425
17785
17787
2092
4041
4313
6704
8204
8226
9215
10032
11091
12057
13957
14417
15675
17133
547
918
1357
1424
4850
6713
7351
9919
10131
10217
10245
10252
10624
11295
13559
14344
14857
14891
14954
17097
17203
18180
18227
19364
873
1877
4020
4707
7103
7474
7712
7995
9400
10679
12043
14012
14091
14460
15700
17510
19444
506
1064
1192
4697
5484
6275
9247
9593
9825
10688
14509
14942
15100
15373
15703
16551
17374
18869
3159
5930
6248
6339
9036
16183
17737
640
1155
1936
4995
5347
7390
10518
12672
13589
13731
14888
15146
15603
15838
16997
19721
318
623
3167
5302
6934
7236
9453
9664
9784
10868
12527
13343
14263
14555
1658
3156
4124
4883
6026
6227
7037
9725
12604
13867
13969
15344
16007
16993
17655
18113
18207
19556
559
3322
5143
7646
10298
10729
18562
18788
449
5102
8086
8995
9151
9481
10546
10567
10696
11160
12083
12934
15288
16247
17001
19048
638
752
5510
5636
6580
8483
9002
10287
15086
19229
3872
3877
4957
6622
7380
8210
11988
12529
13907
14051
14589
14681
16505
16610
17612
19644
1781
2199
3023
5183
8488
12917
13271
17153
17560
1820
3746
6634
9113
9539
9824
13433
15599
15824
3884
5419
5611
6690
7079
7153
8508
8799
9737
10776
13231
14795
18015
18537
703
1839
3028
5391
5743
8208
10154
11076
11134
16025
16448
18762
495
1855
2571
9086
10527
12395
13173
14063
14933
17026
17230
18465
19101
411
944
4775
11180
11797
12735
14410
14513
14788
15955
16996
19543
7
557
1483
2552
3731
6506
8471
11162
12276
13884
16815
16922
17503
19307
444
3348
6218
6428
7077
10665
13742
15800
17356
18502
18662
19562
19907
525
2908
6249
11580
14001
17215
18751
19049
19532
2817
4164
10225
12244
13443
14322
14528
14697
16748
107
9935
10024
14245
14332
14362
16658
17688
18051
19385
248
4444
6068
11389
13458
13496
14890
16786
33
1168
1389
1635
1976
3805
3825
5584
8105
9883
11413
13327
15054
15453
16167
16861
294
2751
8094
9275
12551
18961
88
3693
5583
10966
10998
11473
17349
19164
3422
4210
4679
7018
7999
9077
10407
14350
16680
17342
1027
1346
3423
6073
7323
13282
15633
16094
16464
2778
8256
12298
13928
14895
17822
2253
2890
7382
8530
15787
1019
9806
11976
13048
17132
17833
1716
3085
11613
12143
12684
372
1571
6691
13733
15276
3575
11348
13570
16419
16619
1476
16139
19249
13446
17006
17281
17599
4981
5217
7642
9039
9499
10769
16816
17143
19693
616
14284
14950
18032
19981
1291
2705
10027
450
910
2881
4641
5777
8822
10115
11709
15974
16921
19154
19252
198
743
3718
5879
12676
14610
15730
17541
4669
6810
6849
8369
9918
10180
12393
12441
17699
18155
18632
19482
10376
10682
14253
16819
503
2642
3262
6804
7446
13481
15774
17394
261
4531
6532
6986
8411
9741
15155
15183
70
4994
7616
15455
16173
505
869
2315
9125
18550
5393
9558
9800
10841
11904
17999
5747
12390
18997
2189
14320
19878
3485
16479
16956
17057
19230
19559
422
7738
8731
9102
14330
16531
5887
7551
9839
14630
16875
17188
913
2635
4844
7250
8347
17995
16757
19463
5442
5957
8358
9089
12736
12739
19853
695
7491
9890
12889
10418
10575
11202
4143
19596
630
3633
19445
11019
14561
17207
3183
6204
4256
13581
6343
9950
14929
16002
1967
2771
2569
3132
10387
13626
13917
15627
16889
2079
11394
14243
15487
3131
9902
10909
13818
256
6140
6261
12757
15992
16713
19943
17700
18702
6122
10968
512
4546
5858
13953
1000
9912
10635
11620
13529
764
3138
6755
17258
17932
5314
6505
8904
13841
218
3041
13838
2937
5813
11925
14404
17807
1103
2165
5222
9552
13655
15161
9939
19486
13300
14719
18940
19044
9221
14858
6519
5624
6143
9014
16154
17411
188
7459
16571
17866
18499
9012
1210
5550
16416
18339
10500
13714
966
3687
4455
5799
9849
12589
9819
2934
8954
8964
11584
12315
14470
10923
1382
5432
13829
15566
17796
5914
6523
6701
3372
9076
14325
7025
11868
12595
18121
1901
1917
16696
19275
4367
13848
14414
17307
18299
4055
14543
5693
2506
10876
12224
10867
1654
6830
554
2536
2912
16894
12323
18244
4839
184
10485
18896
1778
6420
7069
7319
9345
15137
1980
9042
17309
18322
472
10357
18683
18859
15931
5797
17480
19972
12451
3279
3701
14141
19340
16365
3632
9270
9297
2904
12203
12941
12124
8357
19709
14454
19104
11297
15574
7752
4608
615
11181
2181
12318
1533
4240
17529
10233
1340
14548
5959
12015
17768
7688
9299
13718
17268
13485
1650
14754
14452
12009
2234
5146
587
16306
16631
8668
15935
6891
9213
8633
337
6060
7779
1948
19038
